0.0014424324035644531
0.0029671192169189453
0.0043108463287353516
0.0056607723236083984
0.007018089294433594
0.008358240127563477
0.009706735610961914
0.01107478141784668
0.01242208480834961
0.013770103454589844
0.015128612518310547
0.016476869583129883
0.01782536506652832
0.019194602966308594
0.02055811882019043
0.021910667419433594
0.023279905319213867
0.02462935447692871
0.025983333587646484
0.02735757827758789
0.028708934783935547
0.03006434440612793
0.03142809867858887
0.032788753509521484
0.034162282943725586
0.03552603721618652
0.0368802547454834
0.03825187683105469
0.03961777687072754
0.040978431701660156
0.04236459732055664
0.043726444244384766
0.0450897216796875
0.04647660255432129
0.047843217849731445
0.04921293258666992
0.050588369369506836
0.05195498466491699
0.053319454193115234
0.05469512939453125
0.056072235107421875
0.057442426681518555
0.05883479118347168
0.06020617485046387
0.06158590316772461
0.06296777725219727
0.06433606147766113
0.06570720672607422
0.06709551811218262
0.06846380233764648
0.06983280181884766
0.07121682167053223
0.07259225845336914
0.07397627830505371
0.07536673545837402
0.07673525810241699
0.07812237739562988
0.07951021194458008
0.08088517189025879
0.08227324485778809
0.08364677429199219
0.08501982688903809
0.08641171455383301
0.08779597282409668
0.08917355537414551
0.09056544303894043
0.09194779396057129
0.0933237075805664
0.09471893310546875
0.0961003303527832
0.09748578071594238
0.09888958930969238
0.10049200057983398
0.1018979549407959
0.103302001953125
0.10469722747802734
0.10608077049255371
0.10747337341308594
0.10886216163635254
0.11025810241699219
0.1116476058959961
0.11303496360778809
0.11444282531738281
0.11583256721496582
0.11721682548522949
0.1186225414276123
0.12001562118530273
0.12141704559326172
0.1228189468383789
0.12421154975891113
0.12560462951660156
0.1270148754119873
0.1284043788909912
0.12980127334594727
0.13120746612548828
0.1325984001159668
0.13399267196655273
0.1354053020477295
0.13681840896606445
0.13823986053466797
0.13963627815246582
0.1410379409790039
0.14246606826782227
0.14386558532714844
0.14527082443237305
0.14667677879333496
0.14807987213134766
0.14948177337646484
0.15090394020080566
0.15230798721313477
0.15372228622436523
0.15514683723449707
0.15655088424682617
0.15794968605041504
0.1593639850616455
0.16077113151550293
0.1622014045715332
0.16361355781555176
0.1650228500366211
0.1664435863494873
0.16785597801208496
0.1692667007446289
0.17069220542907715
0.1721205711364746
0.17353582382202148
0.17496752738952637
0.17637896537780762
0.17779898643493652
0.17923593521118164
0.1806483268737793
0.1820666790008545
0.18349838256835938
0.18490862846374512
0.18635058403015137
0.1877732276916504
0.18919610977172852
0.19063520431518555
0.1920490264892578
0.19346237182617188
0.19491124153137207
0.19632983207702637
0.19774723052978516
0.19919204711914062
0.20061922073364258
0.20204401016235352
0.20348453521728516
0.2049086093902588
0.20635128021240234
0.20777606964111328
0.20920825004577637
0.21065902709960938
0.21209120750427246
0.2135179042816162
0.2149655818939209
0.21639490127563477
0.21782445907592773
0.21927976608276367
0.22071123123168945
0.2221672534942627
0.22359347343444824
0.22502374649047852
0.22646331787109375
0.2279047966003418
0.22933650016784668
0.2307908535003662
0.23222756385803223
0.23366189002990723
0.23512911796569824
0.23655986785888672
0.2379915714263916
0.23944997787475586
0.24088716506958008
0.24236512184143066
0.2438216209411621
0.24526572227478027
0.24672532081604004
0.24816465377807617
0.24959945678710938
0.25106358528137207
0.2525143623352051
0.25395917892456055
0.25542330741882324
0.25686216354370117
0.25830912590026855
0.25976991653442383
0.26122188568115234
0.2626805305480957
0.2641270160675049
0.26556897163391113
0.2670297622680664
0.2684791088104248
0.269927978515625
0.2713923454284668
0.2728404998779297
0.27429842948913574
0.27575039863586426
0.277209997177124
0.2786722183227539
0.2801346778869629
0.28159523010253906
0.283062219619751
0.2845327854156494
0.28598809242248535
0.2874603271484375
0.2889218330383301
0.29039573669433594
0.2918529510498047
0.29332709312438965
0.2948024272918701
0.2962639331817627
0.29772305488586426
0.29920220375061035
0.30066585540771484
0.30214405059814453
0.3036055564880371
0.3050694465637207
0.30657339096069336
0.3080470561981201
0.30953097343444824
0.31102871894836426
0.3124995231628418
0.31396484375
0.31544923782348633
0.31695103645324707
0.3184494972229004
0.3199129104614258
0.3213818073272705
0.3228614330291748
0.3243296146392822
0.32581424713134766
0.32730722427368164
0.32877659797668457
0.3302924633026123
0.33182334899902344
0.3335578441619873
0.33505773544311523
0.3365352153778076
0.3380706310272217
0.33957839012145996
0.34111738204956055
0.34263110160827637
0.34410524368286133
0.345613956451416
0.3471219539642334
0.34860825538635254
0.35030102729797363
0.3518998622894287
0.35341787338256836
0.3549232482910156
0.3564307689666748
0.3579213619232178
0.35947322845458984
0.3609657287597656
0.3624711036682129
0.3639793395996094
0.3654654026031494
0.3671402931213379
0.368668794631958
0.3701801300048828
0.37166285514831543
0.37319135665893555
0.3747422695159912
0.3762483596801758
0.3777482509613037
0.37926435470581055
0.3808121681213379
0.382340669631958
0.38396239280700684
0.3854649066925049
0.3870205879211426
0.38862061500549316
0.3901557922363281
0.39166998863220215
0.39318084716796875
0.3947489261627197
0.3962593078613281
0.39780282974243164
0.3993697166442871
0.4010028839111328
0.40258264541625977
0.4040944576263428
0.4055943489074707
0.40714335441589355
0.40869140625
0.41025710105895996
0.41178107261657715
0.41329240798950195
0.41481804847717285
0.41643428802490234
0.41812562942504883
0.41967177391052246
0.4211890697479248
0.4227910041809082
0.42432379722595215
0.42583632469177246
0.42740893363952637
0.4289374351501465
0.43052053451538086
0.43204450607299805
0.43372154235839844
0.43526268005371094
0.43691015243530273
0.43849849700927734
0.4401078224182129
0.44167566299438477
0.44322800636291504
0.4448511600494385
0.4464399814605713
0.448016881942749
0.4495675563812256
0.45125842094421387
0.4529421329498291
0.45450687408447266
0.4560422897338867
0.4576742649078369
0.4593322277069092
0.4608733654022217
0.46245455741882324
0.46399545669555664
0.46562886238098145
0.4672410488128662
0.468829870223999
0.4704098701477051
0.4720187187194824
0.47362732887268066
0.475222110748291
0.4767801761627197
0.4783973693847656
0.48006582260131836
0.4816248416900635
0.4832160472869873
0.4847569465637207
0.48630738258361816
0.4878966808319092
0.4894540309906006
0.49103832244873047
0.49257731437683105
0.4941232204437256
0.49567151069641113
0.4972243309020996
0.4987959861755371
0.5003314018249512
0.5018901824951172
0.5034940242767334
0.5050342082977295
0.5065970420837402
0.5081846714019775
0.5097405910491943
0.5113034248352051
0.512850284576416
0.5144271850585938
0.5159716606140137
0.5175471305847168
0.5191383361816406
0.5207118988037109
0.5222797393798828
0.5239222049713135
0.5254817008972168
0.5270800590515137
0.5286448001861572
0.5302121639251709
0.5317552089691162
0.5333070755004883
0.534874677658081
0.5364351272583008
0.5380399227142334
0.5396409034729004
0.5411982536315918
0.5427865982055664
0.5443415641784668
0.5459012985229492
0.5475015640258789
0.5491054058074951
0.5506923198699951
0.5522537231445312
0.5538153648376465
0.5554101467132568
0.5569872856140137
0.5585787296295166
0.5601410865783691
0.5617289543151855
0.563323974609375
0.564896821975708
0.5664792060852051
0.5680701732635498
0.569683313369751
0.5712761878967285
0.5728745460510254
0.5744631290435791
0.5760328769683838
0.5776145458221436
0.5792417526245117
0.5808346271514893
0.5824272632598877
0.5840246677398682
0.5856153964996338
0.5872254371643066
0.5888314247131348
0.5904254913330078
0.5920102596282959
0.5935893058776855
0.5951862335205078
0.5967855453491211
0.5984137058258057
0.6000063419342041
0.601590633392334
0.6031911373138428
0.6047956943511963
0.606395959854126
0.6080217361450195
0.6096417903900146
0.6112594604492188
0.6128489971160889
0.6144559383392334
0.6160528659820557
0.6176514625549316
0.6192736625671387
0.6208891868591309
0.6225016117095947
0.6240897178649902
0.6257815361022949
0.6274080276489258
0.6290440559387207
0.630711555480957
0.6323049068450928
0.6338999271392822
0.6355435848236084
0.6371679306030273
0.6388106346130371
0.6404380798339844
0.6420412063598633
0.6436398029327393
0.6452357769012451
0.6468498706817627
0.6484458446502686
0.6500892639160156
0.651721715927124
0.6533119678497314
0.6549367904663086
0.6565394401550293
0.6581544876098633
0.6598005294799805
0.6614196300506592
0.6630463600158691
0.6646533012390137
0.6662936210632324
0.6679236888885498
0.6695766448974609
0.6712262630462646
0.6728277206420898
0.6744599342346191
0.6760680675506592
0.6776793003082275
0.6793475151062012
0.6809885501861572
0.6826112270355225
0.6842248439788818
0.6858401298522949
0.6874654293060303
0.6890933513641357
0.6907439231872559
0.6923580169677734
0.6939699649810791
0.6956009864807129
0.6972174644470215
0.6988680362701416
0.700498104095459
0.7021744251251221
0.7037944793701172
0.7054128646850586
0.7070472240447998
0.7086653709411621
0.7103068828582764
0.7119226455688477
0.7135560512542725
0.7151985168457031
0.7168247699737549
0.7184643745422363
0.7201061248779297
0.7217776775360107
0.7234373092651367
0.7250876426696777
0.7267444133758545
0.728381872177124
0.7300593852996826
0.7317092418670654
0.733339786529541
0.7349846363067627
0.7366125583648682
0.73826003074646
0.7399101257324219
0.741541862487793
0.7432248592376709
0.7448620796203613
0.746506929397583
0.7481508255004883
0.7498199939727783
0.7514891624450684
0.7531313896179199
0.7547979354858398
0.7564396858215332
0.7580711841583252
0.759782075881958
0.7614390850067139
0.7631280422210693
0.7647662162780762
0.766427755355835
0.7680704593658447
0.7697460651397705
0.7714128494262695
0.7730648517608643
0.7747271060943604
0.7763674259185791
0.7780156135559082
0.7797286510467529
0.7813868522644043
0.7830822467803955
0.7847275733947754
0.7864010334014893
0.7880489826202393
0.7897329330444336
0.7914330959320068
0.7931015491485596
0.7947728633880615
0.7964425086975098
0.7981810569763184
0.799907922744751
0.8015718460083008
0.8032691478729248
0.8049209117889404
0.8066263198852539
0.8083541393280029
0.8100287914276123
0.8117082118988037
0.8133804798126221
0.815061092376709
0.8167734146118164
0.8184754848480225
0.8201539516448975
0.8218433856964111
0.8235363960266113
0.8252134323120117
0.8269176483154297
0.8286092281341553
0.8302998542785645
0.8319659233093262
0.833625316619873
0.8353140354156494
0.8370137214660645
0.8387570381164551
0.840491533279419
0.8421852588653564
0.843855619430542
0.8455259799957275
0.8472702503204346
0.8489596843719482
0.8506553173065186
0.8523468971252441
0.8540260791778564
0.8557271957397461
0.8574378490447998
0.8591454029083252
0.860849142074585
0.8625428676605225
0.8642380237579346
0.8659148216247559
0.8677947521209717
0.8694972991943359
0.8712379932403564
0.8729164600372314
0.8746182918548584
0.8763093948364258
0.8780598640441895
0.8797805309295654
0.8814847469329834
0.8831894397735596
0.8848741054534912
0.8866209983825684
0.8883483409881592
0.8900406360626221
0.891768217086792
0.8934652805328369
0.8951754570007324
0.896881103515625
0.8986678123474121
0.9003729820251465
0.9021196365356445
0.9038269519805908
0.9055211544036865
0.9072699546813965
0.9089994430541992
0.9107344150543213
0.9124431610107422
0.9141697883605957
0.9158663749694824
0.917600154876709
0.9193542003631592
0.9210934638977051
0.9228484630584717
0.9245617389678955
0.9262990951538086
0.928067684173584
0.9297890663146973
0.9315340518951416
0.9332594871520996
0.9350001811981201
0.9367139339447021
0.9385204315185547
0.9402716159820557
0.9420230388641357
0.943767786026001
0.9455244541168213
0.9472658634185791
0.9489994049072266
0.9508965015411377
0.9528493881225586
0.9545888900756836
0.9563136100769043
0.9580912590026855
0.9598419666290283
0.9617049694061279
0.9634478092193604
0.9651763439178467
0.9669573307037354
0.9688296318054199
0.9705889225006104
0.9723145961761475
0.9740421772003174
0.9757871627807617
0.9778611660003662
0.9796175956726074
0.9813580513000488
0.9831359386444092
0.98494553565979
0.9867048263549805
0.9885191917419434
0.9903063774108887
0.9920401573181152
0.9937851428985596
0.9955427646636963
0.997279167175293
0.9991326332092285
1.0009140968322754
1.0026726722717285
1.0044245719909668
1.006192922592163
1.0079553127288818
1.0100278854370117
1.0117943286895752
1.013545036315918
1.015333652496338
1.0170941352844238
1.0189495086669922
1.020740032196045
1.0225303173065186
1.0242877006530762
1.0260426998138428
1.0278024673461914
1.0296227931976318
1.031433343887329
1.0332016944885254
1.0349845886230469
1.0367357730865479
1.038522720336914
1.040294885635376
1.0420427322387695
1.0438110828399658
1.0455684661865234
1.047349214553833
1.049189567565918
1.0510103702545166
1.0527644157409668
1.0545384883880615
1.0564377307891846
1.0582706928253174
1.0601966381072998
1.06196928024292
1.063777208328247
1.065563678741455
1.0673480033874512
1.0691273212432861
1.0709309577941895
1.0726966857910156
1.0744884014129639
1.0762629508972168
1.0780367851257324
1.0799262523651123
1.0817277431488037
1.0835440158843994
1.0853140354156494
1.0871059894561768
1.0888864994049072
1.0907485485076904
1.0925366878509521
1.09432053565979
1.0961320400238037
1.0979292392730713
1.0997490882873535
1.1015362739562988
1.1033642292022705
1.1051387786865234
1.106947660446167
1.1087234020233154
1.110602855682373
1.1124236583709717
1.1142563819885254
1.116042137145996
1.1178178787231445
1.119649887084961
1.1214745044708252
1.1232874393463135
1.125070333480835
1.1268720626831055
1.1286916732788086
1.1305372714996338
1.132335901260376
1.1341450214385986
1.1359355449676514
1.1377232074737549
1.13954758644104
1.1413791179656982
1.1432056427001953
1.1450467109680176
1.1468782424926758
1.1486797332763672
1.1505780220031738
1.1523911952972412
1.1542024612426758
1.156003475189209
1.1577908992767334
1.1596367359161377
1.1615757942199707
1.1634297370910645
1.1652374267578125
1.1670680046081543
1.1689319610595703
1.170875072479248
1.172696828842163
1.1745247840881348
1.1763429641723633
1.1782147884368896
1.1800620555877686
1.1819195747375488
1.183764934539795
1.1855905055999756
1.1874148845672607
1.189218521118164
1.1911096572875977
1.1929600238800049
1.194817304611206
1.1966235637664795
1.1984539031982422
1.200319766998291
1.2022528648376465
1.2040832042694092
1.2058939933776855
1.2077291011810303
1.2096290588378906
1.2115814685821533
1.2134101390838623
1.2152469158172607
1.2170679569244385
1.2189316749572754
1.2208068370819092
1.2229504585266113
1.2248070240020752
1.2266812324523926
1.2285363674163818
1.2305045127868652
1.23236083984375
1.2342092990875244
1.236063003540039
1.2379014492034912
1.2398271560668945
1.2417254447937012
1.2436151504516602
1.2454707622528076
1.2473218441009521
1.2494680881500244
1.2516162395477295
1.2544701099395752
1.2565453052520752
1.2586545944213867
1.2608497142791748
1.2629642486572266
1.2650482654571533
1.2671287059783936
1.2692584991455078
1.2714507579803467
1.273573875427246
1.2756741046905518
1.2777624130249023
1.2799057960510254
1.282003402709961
1.284123182296753
1.2862107753753662
1.288285493850708
1.2904763221740723
1.2926104068756104
1.294776439666748
1.2968649864196777
1.2989516258239746
1.301201581954956
1.3033599853515625
1.3054792881011963
1.3077304363250732
1.3099606037139893
1.3121123313903809
1.3142385482788086
1.316329002380371
1.3185112476348877
1.320744276046753
1.322948694229126
1.3250782489776611
1.3271958827972412
1.3293254375457764
1.331578254699707
1.3336963653564453
1.3358252048492432
1.3379695415496826
1.3401415348052979
1.3424062728881836
1.3444859981536865
1.3466284275054932
1.3487098217010498
1.350860834121704
1.3530337810516357
1.3551976680755615
1.3573157787322998
1.3594067096710205
1.3616752624511719
1.3638191223144531
1.3658967018127441
1.3680522441864014
1.3702454566955566
1.372424602508545
1.3745617866516113
1.3766732215881348
1.3788070678710938
1.3809537887573242
1.383152961730957
1.3852572441101074
1.3874571323394775
1.3895649909973145
1.3918249607086182
1.3939497470855713
1.3960835933685303
1.3982157707214355
1.4003114700317383
1.4025516510009766
1.4046721458435059
1.4068043231964111
1.408904790878296
1.4110543727874756
1.413390874862671
1.4155247211456299
1.4176380634307861
1.419799566268921
1.4220459461212158
1.4242022037506104
1.4263191223144531
1.428464651107788
1.4306161403656006
1.432793140411377
1.4349534511566162
1.4371230602264404
1.4393527507781982
1.4415743350982666
1.4440147876739502
1.4461770057678223
1.4483067989349365
1.4504773616790771
1.4530010223388672
1.4551756381988525
1.4572868347167969
1.4594237804412842
1.4615697860717773
1.4637088775634766
1.4659652709960938
1.4683542251586914
1.470536470413208
1.4727933406829834
1.4750077724456787
1.477128505706787
1.4792754650115967
1.4813933372497559
1.4839599132537842
1.4862229824066162
1.5016038417816162
1.5038435459136963
1.5060455799102783
1.5082077980041504
1.5103669166564941
1.5125575065612793
1.5149857997894287
1.5172317028045654
1.5194010734558105
1.5215857028961182
1.5238206386566162
1.5260324478149414
1.5281891822814941
1.5303890705108643
1.5330231189727783
1.5352632999420166
1.5373995304107666
1.5395777225494385
1.541743278503418
1.5439705848693848
1.546194314956665
1.5486547946929932
1.550858736038208
1.5530428886413574
1.5552749633789062
1.5574162006378174
1.559636116027832
1.5617997646331787
1.564347743988037
1.5666077136993408
1.568737268447876
1.5709161758422852
1.5732064247131348
1.5753679275512695
1.5775103569030762
1.579908847808838
1.5822455883026123
1.5844345092773438
1.5866258144378662
1.5887703895568848
1.5909278392791748
1.5931334495544434
1.595533847808838
1.5978357791900635
1.6000726222991943
1.6022884845733643
1.6044692993164062
1.6066901683807373
1.608842134475708
1.6109960079193115
1.6134788990020752
1.615722894668579
1.6178886890411377
1.6201376914978027
1.6223280429840088
1.6245367527008057
1.626753807067871
1.6292014122009277
1.631420373916626
1.6336302757263184
1.63582181930542
1.638033151626587
1.6402556896209717
1.642451524734497
1.6449012756347656
1.6471774578094482
1.6495568752288818
1.651888132095337
1.6541566848754883
1.6563301086425781
1.6585075855255127
1.6609811782836914
1.6632139682769775
1.6654622554779053
1.6676924228668213
1.6698668003082275
1.672086477279663
1.67433762550354
1.6768064498901367
1.6790432929992676
1.6812844276428223
1.6835262775421143
1.6857357025146484
1.6880099773406982
1.690244197845459
1.692685842514038
1.695014238357544
1.6972196102142334
1.699449062347412
1.7016263008117676
1.7038397789001465
1.7060306072235107
1.7084729671478271
1.7107679843902588
1.712942123413086
1.7152009010314941
1.7174103260040283
1.7196359634399414
1.7218303680419922
1.724278450012207
1.7270617485046387
1.7293317317962646
1.7316093444824219
1.7338309288024902
1.7361738681793213
1.7384424209594727
1.7408943176269531
1.7431926727294922
1.745413064956665
1.7476704120635986
1.749934434890747
